[gd_scene load_steps=93 format=3 uid="uid://cnivq5x3pn6cr"]

[ext_resource type="PackedScene" uid="uid://1a0i72xpxodg" path="res://Player/player.tscn" id="1_reee1"]
[ext_resource type="AudioStream" uid="uid://bsnwukbh1y8dl" path="res://Assets/Audio/Door/door-open.mp3" id="2_1kx5o"]
[ext_resource type="AudioStream" uid="uid://bck3t1o7ld4wu" path="res://Assets/Audio/Door/door_close.mp3" id="3_jqwu2"]
[ext_resource type="AudioStream" uid="uid://cscrh6v1wkg8o" path="res://Assets/Audio/ladder.mp3" id="4_023hc"]
[ext_resource type="Material" uid="uid://0hlcowo4l2s5" path="res://Assets/Materials/Ice/ice-new-transparent.tres" id="5_7qot2"]
[ext_resource type="PackedScene" uid="uid://42vfcquouxmc" path="res://Assets/Models/BoatWSail.fbx" id="6_1kx5o"]
[ext_resource type="Script" uid="uid://2e23ufbfrlxt" path="res://Scripts/Radar/section.gd" id="6_575dc"]
[ext_resource type="Script" uid="uid://3m43tgnbe0a6" path="res://Scripts/Item/item.gd" id="7_5trvw"]
[ext_resource type="Material" uid="uid://chsn7jtx7r1jm" path="res://Assets/Materials/RustyMetal/rusty-metal.tres" id="7_jqwu2"]
[ext_resource type="AudioStream" uid="uid://bxycu2c54j3sy" path="res://Assets/Audio/Boom/boom-03.mp3" id="8_ikdcw"]
[ext_resource type="Script" uid="uid://54b3fpdf1hxx" path="res://Scripts/ScriptedEvents/boom_1.gd" id="9_lercd"]
[ext_resource type="PackedScene" uid="uid://gnhjt47c0d4l" path="res://Assets/Models/Crate.fbx" id="10_ikdcw"]
[ext_resource type="Script" uid="uid://bmpdklpkp6q8f" path="res://Scripts/ScriptedEvents/swim_1.gd" id="10_wa5e3"]
[ext_resource type="Material" uid="uid://c4s1t0r1i82lu" path="res://Assets/Materials/Crack/crack.tres" id="12_5trvw"]
[ext_resource type="PackedScene" uid="uid://dldf35lsmer17" path="res://Assets/Models/Gear/Gear.blend" id="12_ijbeq"]
[ext_resource type="Script" uid="uid://dqiqxpxds8shn" path="res://Scripts/Lighthouse/teleport_area.gd" id="12_p5sj2"]
[ext_resource type="PackedScene" uid="uid://be2mws23qy2ip" path="res://Assets/Models/Room/Room.blend" id="13_5ihgu"]
[ext_resource type="Material" uid="uid://la535p2ygxj" path="res://Assets/Materials/Wood/wood.tres" id="13_575dc"]
[ext_resource type="Material" uid="uid://bsi8613jjbh0v" path="res://Assets/Materials/Ice/ice-new.tres" id="14_ikdcw"]
[ext_resource type="Script" uid="uid://d1e5i4g6oy0wj" path="res://Scripts/Beacon/beacon.gd" id="14_rpa78"]
[ext_resource type="AudioStream" uid="uid://b5i6y7i4vyo5v" path="res://Assets/Audio/fix.mp3" id="15_4f5p3"]
[ext_resource type="Script" uid="uid://ctkrdogec66yk" path="res://Scripts/Radar/radar.gd" id="17_uwmks"]
[ext_resource type="AudioStream" uid="uid://cktltx754rtnq" path="res://Assets/Audio/radar-ping.mp3" id="18_7qot2"]
[ext_resource type="AudioStream" uid="uid://lf0le550b7e0" path="res://Assets/Audio/Boom/boom-02.mp3" id="18_8wqdv"]
[ext_resource type="AudioStream" uid="uid://c1hniqd8wn3f5" path="res://Assets/Audio/Boom/boom-01.mp3" id="19_2vgnc"]
[ext_resource type="Material" uid="uid://ckhv8g8ayig40" path="res://Assets/Materials/Basic/black.tres" id="19_i22h4"]
[ext_resource type="PackedScene" uid="uid://dcs05twgc2vyx" path="res://Assets/Models/Lighthouse/LHOU.blend" id="19_uwmks"]
[ext_resource type="AudioStream" uid="uid://cjwu25x2kc7di" path="res://Assets/Audio/ice-break.mp3" id="19_wognk"]
[ext_resource type="ArrayMesh" uid="uid://dejosbsv1h0x3" path="res://Assets/Models/creature.obj" id="20_2vgnc"]
[ext_resource type="PackedScene" uid="uid://bgoneejnlh5kd" path="res://Assets/Models/Door/dooorq.blend" id="21_7qot2"]
[ext_resource type="PackedScene" uid="uid://cxlfiooifa75o" path="res://Assets/Models/Hatch/hatch.blend" id="21_rpa78"]
[ext_resource type="Script" uid="uid://bjhuygaqnea2o" path="res://Scripts/General/fade_rect.gd" id="21_wognk"]
[ext_resource type="Script" uid="uid://da0lm5nr2er72" path="res://Scripts/ScriptedEvents/jumpscare.gd" id="22_5m8ub"]
[ext_resource type="Script" uid="uid://bi3xulqxmf40o" path="res://Scripts/General/pause_menu.gd" id="22_6q6s1"]
[ext_resource type="AudioStream" uid="uid://b2t2jbow5bsxf" path="res://Assets/Audio/fireplace.mp3" id="22_wa5e3"]
[ext_resource type="PackedScene" uid="uid://dcwp3fbgisvaw" path="res://Assets/Models/Ladder/ladr.blend" id="23_uwmks"]
[ext_resource type="Material" uid="uid://bo10sw7u2ebpt" path="res://Assets/Materials/Document/document.tres" id="24_p5sj2"]
[ext_resource type="Script" uid="uid://bjadfrb6mnhgy" path="res://Scripts/Lighthouse/tutorial_document.gd" id="25_5ihgu"]
[ext_resource type="Texture2D" uid="uid://c7rtfk7jphwnr" path="res://Assets/Materials/Ice/ice.jpg" id="26_gjx4x"]
[ext_resource type="ArrayMesh" uid="uid://sa63x6flgtaf" path="res://Assets/Models/submarine.obj" id="27_575dc"]
[ext_resource type="PackedScene" uid="uid://bcm3ghbdytg4q" path="res://Assets/Models/Lantern/lantern_hanging.fbx" id="27_wognk"]
[ext_resource type="ArrayMesh" uid="uid://ddnnwss3chyry" path="res://Assets/Models/Stove/stove.obj" id="30_lercd"]
[ext_resource type="PackedScene" uid="uid://c44qi3quk5ttb" path="res://Assets/Models/Basement/bunker.blend" id="32_8wqdv"]
[ext_resource type="PackedScene" uid="uid://c82d0hw73ugw7" path="res://Assets/Models/Table/Table.glb" id="32_ugwxa"]
[ext_resource type="PackedScene" uid="uid://uo8kekl04ud8" path="res://Assets/Models/BeaconRoom/BeaconRoom.blend" id="34_igp1p"]
[ext_resource type="PackedScene" uid="uid://d1f0im64k61lp" path="res://Assets/Models/Beacon/Lit/lit.blend" id="35_d80i4"]
[ext_resource type="PackedScene" uid="uid://cfgl8ap3j3vty" path="res://Assets/Models/Beacon/Unlit/unlit.blend" id="36_ijbeq"]
[ext_resource type="PackedScene" uid="uid://cjlwxf3qdkbd0" path="res://Assets/Models/Beacon/Reflector/flect.blend" id="37_igp1p"]
[ext_resource type="PackedScene" uid="uid://bb74l2n0ju7o5" path="res://Assets/Models/Console/console.blend" id="37_uwmks"]
[ext_resource type="PackedScene" uid="uid://ctdsrrn7kx6r7" path="res://Assets/Models/Creature/The Juvy2.blend" id="47_5m8ub"]

[sub_resource type="ProceduralSkyMaterial" id="ProceduralSkyMaterial_qetym"]

[sub_resource type="Sky" id="Sky_q2uwy"]
sky_material = SubResource("ProceduralSkyMaterial_qetym")

[sub_resource type="Environment" id="Environment_5e1uj"]
sky = SubResource("Sky_q2uwy")
ambient_light_source = 3
fog_enabled = true
fog_light_color = Color(0.2106368, 0.23213801, 0.26559368, 1)
fog_density = 0.1

[sub_resource type="PlaneMesh" id="PlaneMesh_qetym"]
size = Vector2(1000, 1000)

[sub_resource type="BoxShape3D" id="BoxShape3D_q2uwy"]
size = Vector3(1000, 1, 1000)

[sub_resource type="BoxShape3D" id="BoxShape3D_1kx5o"]
size = Vector3(0.4071045, 0.16656494, 0.8883667)

[sub_resource type="BoxShape3D" id="BoxShape3D_lercd"]
size = Vector3(0.15325928, 0.16064453, 0.15795898)

[sub_resource type="SphereShape3D" id="SphereShape3D_pc8c5"]
radius = 0.8

[sub_resource type="QuadMesh" id="QuadMesh_ikdcw"]

[sub_resource type="BoxShape3D" id="BoxShape3D_5k8xk"]
size = Vector3(249.35492, 41.97934, 11.817871)

[sub_resource type="BoxShape3D" id="BoxShape3D_m2hq8"]
size = Vector3(84.16615, 25.667725, 6.189453)

[sub_resource type="BoxShape3D" id="BoxShape3D_5trvw"]
size = Vector3(1, 9.228027, 15.155029)

[sub_resource type="BoxShape3D" id="BoxShape3D_ikdcw"]
size = Vector3(2.043396, 2.1501465, 11.105957)

[sub_resource type="QuadMesh" id="QuadMesh_7qot2"]
material = ExtResource("12_5trvw")
size = Vector2(20, 20)

[sub_resource type="BoxShape3D" id="BoxShape3D_i22h4"]
size = Vector3(4.2296143, 16.41034, 55.451424)

[sub_resource type="QuadMesh" id="QuadMesh_i22h4"]
size = Vector2(9, 9)

[sub_resource type="BoxShape3D" id="BoxShape3D_gjx4x"]
size = Vector3(15.698242, 10.195557, 4.2730713)

[sub_resource type="CylinderShape3D" id="CylinderShape3D_7qot2"]
height = 6.1257324
radius = 3.0981445

[sub_resource type="BoxShape3D" id="BoxShape3D_e304g"]
size = Vector3(2.8611548, 2.4960492, 2.4115915)

[sub_resource type="StandardMaterial3D" id="StandardMaterial3D_8rk20"]
albedo_texture = ExtResource("26_gjx4x")

[sub_resource type="BoxShape3D" id="BoxShape3D_7qot2"]
size = Vector3(1, 2.3494873, 1.3764648)

[sub_resource type="BoxShape3D" id="BoxShape3D_2vgnc"]
size = Vector3(1.2808838, 1, 1.09375)

[sub_resource type="ConcavePolygonShape3D" id="ConcavePolygonShape3D_r7pl7"]
data = PackedVector3Array(2.1048, 3.5, 5.0813, 0, 3.5, 5.5, 0, 0, 5.5, 2.1048, 0, 5.0813, 2.1048, 3.5, 5.0813, 0, 0, 5.5, 3.8890998, 3.5, 3.8890998, 2.1048, 3.5, 5.0813, 2.1048, 0, 5.0813, 3.8890998, 0, 3.8890998, 3.8890998, 3.5, 3.8890998, 2.1048, 0, 5.0813, 5.0813, 3.5, 2.1048, 3.8890998, 3.5, 3.8890998, 3.8890998, 0, 3.8890998, 5.0813, 0, 2.1048, 5.0813, 3.5, 2.1048, 3.8890998, 0, 3.8890998, 5.5, 3.5, 0, 5.0813, 3.5, 2.1048, 5.0813, 0, 2.1048, 5.5, 0, 0, 5.5, 3.5, 0, 5.0813, 0, 2.1048, 5.0813, 3.5, -2.1048, 5.5, 3.5, 0, 5.5, 0, 0, 5.0813, 0, -2.1048, 5.0813, 3.5, -2.1048, 5.5, 0, 0, 3.8890998, 3.5, -3.8890998, 5.0813, 3.5, -2.1048, 5.0813, 0, -2.1048, 3.8890998, 0, -3.8890998, 3.8890998, 3.5, -3.8890998, 5.0813, 0, -2.1048, 2.1048, 3.5, -5.0813, 3.8890998, 3.5, -3.8890998, 3.8890998, 0, -3.8890998, 2.1048, 0, -5.0813, 2.1048, 3.5, -5.0813, 3.8890998, 0, -3.8890998, 0, 3.5, -5.5, 2.1048, 3.5, -5.0813, 2.1048, 0, -5.0813, 0, 0, -5.5, 0, 3.5, -5.5, 2.1048, 0, -5.0813, -2.1048, 3.5, -5.0813, 0, 3.5, -5.5, 0, 0, -5.5, -2.1048, 0, -5.0813, -2.1048, 3.5, -5.0813, 0, 0, -5.5, -3.8890998, 3.5, -3.8890998, -2.1048, 3.5, -5.0813, -2.1048, 0, -5.0813, -3.8890998, 0, -3.8890998, -3.8890998, 3.5, -3.8890998, -2.1048, 0, -5.0813, -5.0813, 3.5, -2.1048, -3.8890998, 3.5, -3.8890998, -3.8890998, 0, -3.8890998, -5.0813, 0, -2.1048, -5.0813, 3.5, -2.1048, -3.8890998, 0, -3.8890998, -5.5, 3.5, 0, -5.0813, 3.5, -2.1048, -5.0813, 0, -2.1048, -5.5, 0, 0, -5.5, 3.5, 0, -5.0813, 0, -2.1048, -5.0813, 3.5, 2.1048, -5.5, 3.5, 0, -5.5, 0, 0, -5.0813, 0, 2.1048, -5.0813, 3.5, 2.1048, -5.5, 0, 0, -3.8890998, 3.5, 3.8890998, -5.0813, 3.5, 2.1048, -5.0813, 0, 2.1048, -3.8890998, 0, 3.8890998, -3.8890998, 3.5, 3.8890998, -5.0813, 0, 2.1048, -2.1048, 3.5, 5.0813, -3.8890998, 3.5, 3.8890998, -3.8890998, 0, 3.8890998, -2.1048, 0, 5.0813, -2.1048, 3.5, 5.0813, -3.8890998, 0, 3.8890998, 0, 3.5, 5.5, -2.1048, 3.5, 5.0813, -2.1048, 0, 5.0813, 0, 0, 5.5, 0, 3.5, 5.5, -2.1048, 0, 5.0813, 2.1048, 0, 5.0813, 0, 0, 5.5, 0, -3.5, 5.5, 2.1048, -3.5, 5.0813, 2.1048, 0, 5.0813, 0, -3.5, 5.5, 3.8890998, 0, 3.8890998, 2.1048, 0, 5.0813, 2.1048, -3.5, 5.0813, 3.8890998, -3.5, 3.8890998, 3.8890998, 0, 3.8890998, 2.1048, -3.5, 5.0813, 5.0813, 0, 2.1048, 3.8890998, 0, 3.8890998, 3.8890998, -3.5, 3.8890998, 5.0813, -3.5, 2.1048, 5.0813, 0, 2.1048, 3.8890998, -3.5, 3.8890998, 5.5, 0, 0, 5.0813, 0, 2.1048, 5.0813, -3.5, 2.1048, 5.5, -3.5, 0, 5.5, 0, 0, 5.0813, -3.5, 2.1048, 5.0813, 0, -2.1048, 5.5, 0, 0, 5.5, -3.5, 0, 5.0813, -3.5, -2.1048, 5.0813, 0, -2.1048, 5.5, -3.5, 0, 3.8890998, 0, -3.8890998, 5.0813, 0, -2.1048, 5.0813, -3.5, -2.1048, 3.8890998, -3.5, -3.8890998, 3.8890998, 0, -3.8890998, 5.0813, -3.5, -2.1048, 2.1048, 0, -5.0813, 3.8890998, 0, -3.8890998, 3.8890998, -3.5, -3.8890998, 2.1048, -3.5, -5.0813, 2.1048, 0, -5.0813, 3.8890998, -3.5, -3.8890998, 0, 0, -5.5, 2.1048, 0, -5.0813, 2.1048, -3.5, -5.0813, 0, -3.5, -5.5, 0, 0, -5.5, 2.1048, -3.5, -5.0813, -2.1048, 0, -5.0813, 0, 0, -5.5, 0, -3.5, -5.5, -2.1048, -3.5, -5.0813, -2.1048, 0, -5.0813, 0, -3.5, -5.5, -3.8890998, 0, -3.8890998, -2.1048, 0, -5.0813, -2.1048, -3.5, -5.0813, -3.8890998, -3.5, -3.8890998, -3.8890998, 0, -3.8890998, -2.1048, -3.5, -5.0813, -5.0813, 0, -2.1048, -3.8890998, 0, -3.8890998, -3.8890998, -3.5, -3.8890998, -5.0813, -3.5, -2.1048, -5.0813, 0, -2.1048, -3.8890998, -3.5, -3.8890998, -5.5, 0, 0, -5.0813, 0, -2.1048, -5.0813, -3.5, -2.1048, -5.5, -3.5, 0, -5.5, 0, 0, -5.0813, -3.5, -2.1048, -5.0813, 0, 2.1048, -5.5, 0, 0, -5.5, -3.5, 0, -5.0813, -3.5, 2.1048, -5.0813, 0, 2.1048, -5.5, -3.5, 0, -3.8890998, 0, 3.8890998, -5.0813, 0, 2.1048, -5.0813, -3.5, 2.1048, -3.8890998, -3.5, 3.8890998, -3.8890998, 0, 3.8890998, -5.0813, -3.5, 2.1048, -2.1048, 0, 5.0813, -3.8890998, 0, 3.8890998, -3.8890998, -3.5, 3.8890998, -2.1048, -3.5, 5.0813, -2.1048, 0, 5.0813, -3.8890998, -3.5, 3.8890998, 0, 0, 5.5, -2.1048, 0, 5.0813, -2.1048, -3.5, 5.0813, 0, -3.5, 5.5, 0, 0, 5.5, -2.1048, -3.5, 5.0813)

[sub_resource type="BoxShape3D" id="BoxShape3D_kudqo"]
size = Vector3(20, 1, 20)

[sub_resource type="BoxShape3D" id="BoxShape3D_wa5e3"]
size = Vector3(0.31089783, 0.8222656, 0.37939453)

[sub_resource type="StandardMaterial3D" id="StandardMaterial3D_ugwxa"]
vertex_color_use_as_albedo = true
vertex_color_is_srgb = true
emission_enabled = true
emission = Color(1, 0.12941177, 0.047058824, 1)
emission_energy_multiplier = 1.38
grow_amount = -2.313

[sub_resource type="BoxMesh" id="BoxMesh_p5sj2"]
material = SubResource("StandardMaterial3D_ugwxa")
size = Vector3(0.05, 0.05, 0.05)

[sub_resource type="Curve" id="Curve_5ihgu"]
_data = [Vector2(0.0755814, 1), 0.0, 0.0, 0, 0, Vector2(0.8662792, 0.033707857), 0.0, 0.0, 0, 0]
point_count = 2

[sub_resource type="Gradient" id="Gradient_rpa78"]
colors = PackedColorArray(1, 0.7137255, 0, 1, 1, 0.12941177, 0.047058824, 1)

[sub_resource type="BoxShape3D" id="BoxShape3D_ugwxa"]
size = Vector3(1.1503296, 0.9786377, 0.5857544)

[sub_resource type="StandardMaterial3D" id="StandardMaterial3D_p5sj2"]
emission_enabled = true
emission = Color(1, 1, 1, 1)
emission_energy_multiplier = 4.08
billboard_mode = 1

[sub_resource type="QuadMesh" id="QuadMesh_rpa78"]
material = SubResource("StandardMaterial3D_p5sj2")
size = Vector2(0.025, 0.025)

[sub_resource type="QuadMesh" id="QuadMesh_5ihgu"]

[sub_resource type="BoxShape3D" id="BoxShape3D_p5sj2"]
size = Vector3(0.70301056, 1.4412842, 1.5312042)

[sub_resource type="StyleBoxFlat" id="StyleBoxFlat_5ihgu"]
bg_color = Color(0, 0, 0, 0.43137255)
corner_radius_top_left = 20
corner_radius_top_right = 20
corner_radius_bottom_right = 20
corner_radius_bottom_left = 20

[sub_resource type="CylinderShape3D" id="CylinderShape3D_igp1p"]
height = 2.7663574
radius = 2.0708008

[sub_resource type="BoxShape3D" id="BoxShape3D_igp1p"]
size = Vector3(2.7249756, 2.863037, 2.719864)

[sub_resource type="BoxShape3D" id="BoxShape3D_68vtp"]
size = Vector3(20, 1, 20)

[sub_resource type="ConcavePolygonShape3D" id="ConcavePolygonShape3D_5m8ub"]
data = PackedVector3Array(1.5606999, 5, 7.8462996, 0, 5, 8, 0, 0, 8, 1.5606999, 0, 7.8462996, 1.5606999, 5, 7.8462996, 0, 0, 8, 3.0614998, 5, 7.391, 1.5606999, 5, 7.8462996, 1.5606999, 0, 7.8462996, 3.0614998, 0, 7.391, 3.0614998, 5, 7.391, 1.5606999, 0, 7.8462996, 4.4446, 5, 6.6517997, 3.0614998, 5, 7.391, 3.0614998, 0, 7.391, 4.4446, 0, 6.6517997, 4.4446, 5, 6.6517997, 3.0614998, 0, 7.391, 5.6569, 5, 5.6569, 4.4446, 5, 6.6517997, 4.4446, 0, 6.6517997, 5.6569, 0, 5.6569, 5.6569, 5, 5.6569, 4.4446, 0, 6.6517997, 6.6517997, 5, 4.4446, 5.6569, 5, 5.6569, 5.6569, 0, 5.6569, 6.6517997, 0, 4.4446, 6.6517997, 5, 4.4446, 5.6569, 0, 5.6569, 7.391, 5, 3.0614998, 6.6517997, 5, 4.4446, 6.6517997, 0, 4.4446, 7.391, 0, 3.0614998, 7.391, 5, 3.0614998, 6.6517997, 0, 4.4446, 7.8462996, 5, 1.5606999, 7.391, 5, 3.0614998, 7.391, 0, 3.0614998, 7.8462996, 0, 1.5606999, 7.8462996, 5, 1.5606999, 7.391, 0, 3.0614998, 8, 5, 0, 7.8462996, 5, 1.5606999, 7.8462996, 0, 1.5606999, 8, 0, 0, 8, 5, 0, 7.8462996, 0, 1.5606999, 7.8462996, 5, -1.5606999, 8, 5, 0, 8, 0, 0, 7.8462996, 0, -1.5606999, 7.8462996, 5, -1.5606999, 8, 0, 0, 7.391, 5, -3.0614998, 7.8462996, 5, -1.5606999, 7.8462996, 0, -1.5606999, 7.391, 0, -3.0614998, 7.391, 5, -3.0614998, 7.8462996, 0, -1.5606999, 6.6517997, 5, -4.4446, 7.391, 5, -3.0614998, 7.391, 0, -3.0614998, 6.6517997, 0, -4.4446, 6.6517997, 5, -4.4446, 7.391, 0, -3.0614998, 5.6569, 5, -5.6569, 6.6517997, 5, -4.4446, 6.6517997, 0, -4.4446, 5.6569, 0, -5.6569, 5.6569, 5, -5.6569, 6.6517997, 0, -4.4446, 4.4446, 5, -6.6517997, 5.6569, 5, -5.6569, 5.6569, 0, -5.6569, 4.4446, 0, -6.6517997, 4.4446, 5, -6.6517997, 5.6569, 0, -5.6569, 3.0614998, 5, -7.391, 4.4446, 5, -6.6517997, 4.4446, 0, -6.6517997, 3.0614998, 0, -7.391, 3.0614998, 5, -7.391, 4.4446, 0, -6.6517997, 1.5606999, 5, -7.8462996, 3.0614998, 5, -7.391, 3.0614998, 0, -7.391, 1.5606999, 0, -7.8462996, 1.5606999, 5, -7.8462996, 3.0614998, 0, -7.391, 0, 5, -8, 1.5606999, 5, -7.8462996, 1.5606999, 0, -7.8462996, 0, 0, -8, 0, 5, -8, 1.5606999, 0, -7.8462996, -1.5606999, 5, -7.8462996, 0, 5, -8, 0, 0, -8, -1.5606999, 0, -7.8462996, -1.5606999, 5, -7.8462996, 0, 0, -8, -3.0614998, 5, -7.391, -1.5606999, 5, -7.8462996, -1.5606999, 0, -7.8462996, -3.0614998, 0, -7.391, -3.0614998, 5, -7.391, -1.5606999, 0, -7.8462996, -4.4446, 5, -6.6517997, -3.0614998, 5, -7.391, -3.0614998, 0, -7.391, -4.4446, 0, -6.6517997, -4.4446, 5, -6.6517997, -3.0614998, 0, -7.391, -5.6569, 5, -5.6569, -4.4446, 5, -6.6517997, -4.4446, 0, -6.6517997, -5.6569, 0, -5.6569, -5.6569, 5, -5.6569, -4.4446, 0, -6.6517997, -6.6517997, 5, -4.4446, -5.6569, 5, -5.6569, -5.6569, 0, -5.6569, -6.6517997, 0, -4.4446, -6.6517997, 5, -4.4446, -5.6569, 0, -5.6569, -7.391, 5, -3.0614998, -6.6517997, 5, -4.4446, -6.6517997, 0, -4.4446, -7.391, 0, -3.0614998, -7.391, 5, -3.0614998, -6.6517997, 0, -4.4446, -7.8462996, 5, -1.5606999, -7.391, 5, -3.0614998, -7.391, 0, -3.0614998, -7.8462996, 0, -1.5606999, -7.8462996, 5, -1.5606999, -7.391, 0, -3.0614998, -8, 5, 0, -7.8462996, 5, -1.5606999, -7.8462996, 0, -1.5606999, -8, 0, 0, -8, 5, 0, -7.8462996, 0, -1.5606999, -7.8462996, 5, 1.5606999, -8, 5, 0, -8, 0, 0, -7.8462996, 0, 1.5606999, -7.8462996, 5, 1.5606999, -8, 0, 0, -7.391, 5, 3.0614998, -7.8462996, 5, 1.5606999, -7.8462996, 0, 1.5606999, -7.391, 0, 3.0614998, -7.391, 5, 3.0614998, -7.8462996, 0, 1.5606999, -6.6517997, 5, 4.4446, -7.391, 5, 3.0614998, -7.391, 0, 3.0614998, -6.6517997, 0, 4.4446, -6.6517997, 5, 4.4446, -7.391, 0, 3.0614998, -5.6569, 5, 5.6569, -6.6517997, 5, 4.4446, -6.6517997, 0, 4.4446, -5.6569, 0, 5.6569, -5.6569, 5, 5.6569, -6.6517997, 0, 4.4446, -4.4446, 5, 6.6517997, -5.6569, 5, 5.6569, -5.6569, 0, 5.6569, -4.4446, 0, 6.6517997, -4.4446, 5, 6.6517997, -5.6569, 0, 5.6569, -3.0614998, 5, 7.391, -4.4446, 5, 6.6517997, -4.4446, 0, 6.6517997, -3.0614998, 0, 7.391, -3.0614998, 5, 7.391, -4.4446, 0, 6.6517997, -1.5606999, 5, 7.8462996, -3.0614998, 5, 7.391, -3.0614998, 0, 7.391, -1.5606999, 0, 7.8462996, -1.5606999, 5, 7.8462996, -3.0614998, 0, 7.391, 0, 5, 8, -1.5606999, 5, 7.8462996, -1.5606999, 0, 7.8462996, 0, 0, 8, 0, 5, 8, -1.5606999, 0, 7.8462996, 1.5606999, 0, 7.8462996, 0, 0, 8, 0, -5, 8, 1.5606999, -5, 7.8462996, 1.5606999, 0, 7.8462996, 0, -5, 8, 3.0614998, 0, 7.391, 1.5606999, 0, 7.8462996, 1.5606999, -5, 7.8462996, 3.0614998, -5, 7.391, 3.0614998, 0, 7.391, 1.5606999, -5, 7.8462996, 4.4446, 0, 6.6517997, 3.0614998, 0, 7.391, 3.0614998, -5, 7.391, 4.4446, -5, 6.6517997, 4.4446, 0, 6.6517997, 3.0614998, -5, 7.391, 5.6569, 0, 5.6569, 4.4446, 0, 6.6517997, 4.4446, -5, 6.6517997, 5.6569, -5, 5.6569, 5.6569, 0, 5.6569, 4.4446, -5, 6.6517997, 6.6517997, 0, 4.4446, 5.6569, 0, 5.6569, 5.6569, -5, 5.6569, 6.6517997, -5, 4.4446, 6.6517997, 0, 4.4446, 5.6569, -5, 5.6569, 7.391, 0, 3.0614998, 6.6517997, 0, 4.4446, 6.6517997, -5, 4.4446, 7.391, -5, 3.0614998, 7.391, 0, 3.0614998, 6.6517997, -5, 4.4446, 7.8462996, 0, 1.5606999, 7.391, 0, 3.0614998, 7.391, -5, 3.0614998, 7.8462996, -5, 1.5606999, 7.8462996, 0, 1.5606999, 7.391, -5, 3.0614998, 8, 0, 0, 7.8462996, 0, 1.5606999, 7.8462996, -5, 1.5606999, 8, -5, 0, 8, 0, 0, 7.8462996, -5, 1.5606999, 7.8462996, 0, -1.5606999, 8, 0, 0, 8, -5, 0, 7.8462996, -5, -1.5606999, 7.8462996, 0, -1.5606999, 8, -5, 0, 7.391, 0, -3.0614998, 7.8462996, 0, -1.5606999, 7.8462996, -5, -1.5606999, 7.391, -5, -3.0614998, 7.391, 0, -3.0614998, 7.8462996, -5, -1.5606999, 6.6517997, 0, -4.4446, 7.391, 0, -3.0614998, 7.391, -5, -3.0614998, 6.6517997, -5, -4.4446, 6.6517997, 0, -4.4446, 7.391, -5, -3.0614998, 5.6569, 0, -5.6569, 6.6517997, 0, -4.4446, 6.6517997, -5, -4.4446, 5.6569, -5, -5.6569, 5.6569, 0, -5.6569, 6.6517997, -5, -4.4446, 4.4446, 0, -6.6517997, 5.6569, 0, -5.6569, 5.6569, -5, -5.6569, 4.4446, -5, -6.6517997, 4.4446, 0, -6.6517997, 5.6569, -5, -5.6569, 3.0614998, 0, -7.391, 4.4446, 0, -6.6517997, 4.4446, -5, -6.6517997, 3.0614998, -5, -7.391, 3.0614998, 0, -7.391, 4.4446, -5, -6.6517997, 1.5606999, 0, -7.8462996, 3.0614998, 0, -7.391, 3.0614998, -5, -7.391, 1.5606999, -5, -7.8462996, 1.5606999, 0, -7.8462996, 3.0614998, -5, -7.391, 0, 0, -8, 1.5606999, 0, -7.8462996, 1.5606999, -5, -7.8462996, 0, -5, -8, 0, 0, -8, 1.5606999, -5, -7.8462996, -1.5606999, 0, -7.8462996, 0, 0, -8, 0, -5, -8, -1.5606999, -5, -7.8462996, -1.5606999, 0, -7.8462996, 0, -5, -8, -3.0614998, 0, -7.391, -1.5606999, 0, -7.8462996, -1.5606999, -5, -7.8462996, -3.0614998, -5, -7.391, -3.0614998, 0, -7.391, -1.5606999, -5, -7.8462996, -4.4446, 0, -6.6517997, -3.0614998, 0, -7.391, -3.0614998, -5, -7.391, -4.4446, -5, -6.6517997, -4.4446, 0, -6.6517997, -3.0614998, -5, -7.391, -5.6569, 0, -5.6569, -4.4446, 0, -6.6517997, -4.4446, -5, -6.6517997, -5.6569, -5, -5.6569, -5.6569, 0, -5.6569, -4.4446, -5, -6.6517997, -6.6517997, 0, -4.4446, -5.6569, 0, -5.6569, -5.6569, -5, -5.6569, -6.6517997, -5, -4.4446, -6.6517997, 0, -4.4446, -5.6569, -5, -5.6569, -7.391, 0, -3.0614998, -6.6517997, 0, -4.4446, -6.6517997, -5, -4.4446, -7.391, -5, -3.0614998, -7.391, 0, -3.0614998, -6.6517997, -5, -4.4446, -7.8462996, 0, -1.5606999, -7.391, 0, -3.0614998, -7.391, -5, -3.0614998, -7.8462996, -5, -1.5606999, -7.8462996, 0, -1.5606999, -7.391, -5, -3.0614998, -8, 0, 0, -7.8462996, 0, -1.5606999, -7.8462996, -5, -1.5606999, -8, -5, 0, -8, 0, 0, -7.8462996, -5, -1.5606999, -7.8462996, 0, 1.5606999, -8, 0, 0, -8, -5, 0, -7.8462996, -5, 1.5606999, -7.8462996, 0, 1.5606999, -8, -5, 0, -7.391, 0, 3.0614998, -7.8462996, 0, 1.5606999, -7.8462996, -5, 1.5606999, -7.391, -5, 3.0614998, -7.391, 0, 3.0614998, -7.8462996, -5, 1.5606999, -6.6517997, 0, 4.4446, -7.391, 0, 3.0614998, -7.391, -5, 3.0614998, -6.6517997, -5, 4.4446, -6.6517997, 0, 4.4446, -7.391, -5, 3.0614998, -5.6569, 0, 5.6569, -6.6517997, 0, 4.4446, -6.6517997, -5, 4.4446, -5.6569, -5, 5.6569, -5.6569, 0, 5.6569, -6.6517997, -5, 4.4446, -4.4446, 0, 6.6517997, -5.6569, 0, 5.6569, -5.6569, -5, 5.6569, -4.4446, -5, 6.6517997, -4.4446, 0, 6.6517997, -5.6569, -5, 5.6569, -3.0614998, 0, 7.391, -4.4446, 0, 6.6517997, -4.4446, -5, 6.6517997, -3.0614998, -5, 7.391, -3.0614998, 0, 7.391, -4.4446, -5, 6.6517997, -1.5606999, 0, 7.8462996, -3.0614998, 0, 7.391, -3.0614998, -5, 7.391, -1.5606999, -5, 7.8462996, -1.5606999, 0, 7.8462996, -3.0614998, -5, 7.391, 0, 0, 8, -1.5606999, 0, 7.8462996, -1.5606999, -5, 7.8462996, 0, -5, 8, 0, 0, 8, -1.5606999, -5, 7.8462996)

[sub_resource type="BoxShape3D" id="BoxShape3D_5ug5c"]
size = Vector3(2.1557007, 2.88031, 4.9554443)

[sub_resource type="BoxShape3D" id="BoxShape3D_es55r"]
size = Vector3(1, 1.824707, 3.9188232)

[sub_resource type="BoxShape3D" id="BoxShape3D_uwmks"]
size = Vector3(1, 3.435791, 1)

[node name="Node3D" type="Node3D"]

[node name="Player" parent="." instance=ExtResource("1_reee1")]
unique_name_in_owner = true
transform = Transform3D(-4.371139e-08, 0, -1, 0, 1, 0, 1, 0, -4.371139e-08, -3, 498.198, 0)
floor_max_angle = 0.87266463
max_speed = 5.0
gravity = 10.0

[node name="DoorOpenSound" type="AudioStreamPlayer3D" parent="Player"]
stream = ExtResource("2_1kx5o")

[node name="DoorCloseSound" type="AudioStreamPlayer3D" parent="Player"]
stream = ExtResource("3_jqwu2")

[node name="LadderSound" type="AudioStreamPlayer3D" parent="Player"]
stream = ExtResource("4_023hc")

[node name="Environment" type="WorldEnvironment" parent="."]
unique_name_in_owner = true
environment = SubResource("Environment_5e1uj")

[node name="Ocean" type="StaticBody3D" parent="."]
metadata/ground = "snow"

[node name="Mesh" type="MeshInstance3D" parent="Ocean"]
transform = Transform3D(0.99999994, 0, 0, 0, 1.0000001, 0, 0, 0, 1.0000001, 0.7421832, -0.015907526, -0.21921933)
material_override = ExtResource("5_7qot2")
mesh = SubResource("PlaneMesh_qetym")
skeleton = NodePath("")

[node name="Collision" type="CollisionShape3D" parent="Ocean"]
transform = Transform3D(1, 0, 0, 0, 1, 0, 0, 0, 1, 0, -0.3, 0)
shape = SubResource("BoxShape3D_q2uwy")

[node name="Sections" type="Node3D" parent="."]
unique_name_in_owner = true

[node name="Section1" type="Node3D" parent="Sections" node_paths=PackedStringArray("item_node")]
script = ExtResource("6_575dc")
item_node = NodePath("Item")

[node name="Geometry" type="Node3D" parent="Sections/Section1"]

[node name="CSGCylinder3D" type="CSGCylinder3D" parent="Sections/Section1/Geometry"]
transform = Transform3D(1, 0, 0, 0, 0.82839286, 0.5601475, 0, -0.5601475, 0.82839286, 22.810595, 4.9237723, -22.023895)
material_override = ExtResource("14_ikdcw")
use_collision = true
radius = 6.7094727
height = 34.00856

[node name="CSGCylinder3D2" type="CSGCylinder3D" parent="Sections/Section1/Geometry"]
transform = Transform3D(0.85903645, 0.36015043, 0.3637966, -0.26998314, 0.92252946, -0.27576932, -0.43493155, 0.13867694, 0.889721, 35.185623, -10.728529, -47.41249)
material_override = ExtResource("14_ikdcw")
use_collision = true
radius = 9.902344
height = 66.04323

[node name="CSGCylinder3D9" type="CSGCylinder3D" parent="Sections/Section1/Geometry"]
transform = Transform3D(0.86094815, -0.22544771, 0.45600572, 0.26382297, 0.96433496, -0.021339372, -0.43493155, 0.13867691, 0.88972086, 131.75237, -10.728529, -145.21118)
material_override = ExtResource("14_ikdcw")
use_collision = true
radius = 9.902344
height = 66.04323

[node name="CSGCylinder3D10" type="CSGCylinder3D" parent="Sections/Section1/Geometry"]
transform = Transform3D(0.87745094, 0.2872218, 0.38416538, -0.20227234, 0.9477724, -0.24660403, -0.43493155, 0.13867691, 0.88972086, 98.44974, -10.728529, -179.35104)
material_override = ExtResource("14_ikdcw")
use_collision = true
radius = 9.902344
height = 66.04323

[node name="CSGCylinder3D11" type="CSGCylinder3D" parent="Sections/Section1/Geometry"]
transform = Transform3D(0.47591308, -0.14937955, -0.8667135, 0.26382303, 0.9643351, -0.021339366, 0.8389898, -0.21850337, 0.4983493, -22.401457, -10.728529, -119.522194)
material_override = ExtResource("14_ikdcw")
use_collision = true
radius = 9.902344
height = 66.04323

[node name="CSGCylinder3D15" type="CSGCylinder3D" parent="Sections/Section1/Geometry"]
transform = Transform3D(-0.9457605, 0.25426707, -0.20220032, 0.26382303, 0.9643351, -0.02133938, 0.18956307, -0.073527016, -0.97911155, 100.42058, -10.728529, -72.08438)
material_override = ExtResource("14_ikdcw")
use_collision = true
radius = 9.902344
height = 66.04323

[node name="CSGCylinder3D12" type="CSGCylinder3D" parent="Sections/Section1/Geometry"]
transform = Transform3D(0.47670835, -0.124675356, -0.8701753, -0.20227237, 0.9477725, -0.24660407, 0.85547346, 0.29357064, 0.4265925, 34.53176, -10.728529, -202.51903)
material_override = ExtResource("14_ikdcw")
use_collision = true
radius = 9.902344
height = 66.04323

[node name="CSGCylinder3D13" type="CSGCylinder3D" parent="Sections/Section1/Geometry"]
transform = Transform3D(-0.7337269, -0.5398785, -0.41252407, 0.40074757, 0.14642657, -0.90441185, 0.54867685, -0.8289095, 0.10891788, 121.71675, 2.1057396, -260.46503)
material_override = ExtResource("7_jqwu2")
use_collision = true
radius = 9.902344
height = 66.04323

[node name="CSGCylinder3D14" type="CSGCylinder3D" parent="Sections/Section1/Geometry"]
transform = Transform3D(-0.16673627, -0.90863717, 0.3828551, 0.4234122, -0.41664895, -0.8044412, 0.890461, 0.02797591, 0.4541984, 76.73215, 2.1057396, -276.21497)
material_override = ExtResource("7_jqwu2")
use_collision = true
radius = 9.902344
height = 66.04323

[node name="CSGCylinder3D4" type="CSGCylinder3D" parent="Sections/Section1/Geometry"]
transform = Transform3D(0.7472362, 0.6069358, 0.27067876, -0.50246656, 0.78255844, -0.36759996, -0.43493155, 0.13867694, 0.889721, 3.7358932, -15.839488, -86.26103)
material_override = ExtResource("14_ikdcw")
use_collision = true
radius = 6.7094727
height = 84.78519

[node name="CSGCylinder3D5" type="CSGCylinder3D" parent="Sections/Section1/Geometry"]
transform = Transform3D(-0.34579992, 0.3456025, -0.87234247, -0.5249699, -0.84183013, -0.12541409, -0.7777075, 0.4145853, 0.4725358, 47.96012, -13.767037, -60.426952)
material_override = ExtResource("14_ikdcw")
use_collision = true
radius = 6.7094727
height = 75.92044

[node name="CSGCylinder3D6" type="CSGCylinder3D" parent="Sections/Section1/Geometry"]
transform = Transform3D(0.27120408, 0.8994217, -0.34276676, -0.56711483, -0.13841861, -0.8119243, -0.7777076, 0.41458526, 0.47253576, 53.753265, -1.0615535, -121.37274)
material_override = ExtResource("7_jqwu2")
use_collision = true
radius = 6.7094727
height = 90.696304

[node name="CSGCylinder3D8" type="CSGCylinder3D" parent="Sections/Section1/Geometry"]
transform = Transform3D(0.8236261, -0.089849144, -0.5599708, -0.54942054, 0.11842786, -0.8271108, 0.14063136, 0.98888946, 0.04817527, 83.93995, -2.9320793, -195.9692)
material_override = ExtResource("7_jqwu2")
use_collision = true
radius = 6.7094727
height = 188.56421

[node name="CSGCylinder3D7" type="CSGCylinder3D" parent="Sections/Section1/Geometry"]
transform = Transform3D(-0.7778066, -0.56946796, 0.26593855, 0.10433763, 0.30026367, 0.9481328, -0.6197829, 0.7652111, -0.17413008, 58.7547, -1.2739139, -180.05673)
material_override = ExtResource("7_jqwu2")
use_collision = true
radius = 6.7094727
height = 123.75958

[node name="CSGCylinder3D3" type="CSGCylinder3D" parent="Sections/Section1/Geometry"]
transform = Transform3D(0.8816084, 0.3909861, 0.2643793, -0.47198153, 0.7303181, 0.49383077, 0, -0.5601475, 0.82839286, -8.720428, -9.554899, -38.330048)
material_override = ExtResource("14_ikdcw")
use_collision = true
radius = 9.995117
height = 67.6221

[node name="BoatWSail" parent="Sections/Section1/Geometry" instance=ExtResource("6_1kx5o")]
transform = Transform3D(-0.053215653, -4.4350767, -5.4154673, 2.628682, -5.0319023, 4.0951195, -6.4874644, -2.0025167, 1.7037392, 56.285122, 0.8985717, -146.67654)

[node name="StaticBody3D" type="StaticBody3D" parent="Sections/Section1/Geometry/BoatWSail"]
metadata/ground = "wood"

[node name="Collision" type="CollisionShape3D" parent="Sections/Section1/Geometry/BoatWSail/StaticBody3D"]
transform = Transform3D(1, 0, 0, 0, 1, 0, 0, 0, 1, -0.010803223, 0.07296753, 0.0022888184)
shape = SubResource("BoxShape3D_1kx5o")

[node name="Crate" type="StaticBody3D" parent="Sections/Section1/Geometry"]
transform = Transform3D(9.039035, -3.9332693, -1.6808468, 4.277365, 8.311883, 3.5520074, 0, -3.9296315, 9.195542, 93.15608, -0.6343248, -252.5164)

[node name="Mesh" parent="Sections/Section1/Geometry/Crate" instance=ExtResource("10_ikdcw")]

[node name="Collision" type="CollisionShape3D" parent="Sections/Section1/Geometry/Crate"]
transform = Transform3D(1, 0, 0, 0, 1, 0, 0, 0, 1, 0.00039672852, 0.07397461, 0.00061035156)
shape = SubResource("BoxShape3D_lercd")

[node name="Crate2" type="StaticBody3D" parent="Sections/Section1/Geometry"]
transform = Transform3D(9.6428795, 2.0468585, -1.6808468, -1.3444657, 9.250711, 3.5520077, 2.2819486, -3.199174, 9.195542, 96.02095, -0.71810174, -254.84084)

[node name="Mesh" parent="Sections/Section1/Geometry/Crate2" instance=ExtResource("10_ikdcw")]

[node name="Collision" type="CollisionShape3D" parent="Sections/Section1/Geometry/Crate2"]
transform = Transform3D(1, 0, 0, 0, 1, 0, 0, 0, 1, 0.00039672852, 0.07397461, 0.00061035156)
shape = SubResource("BoxShape3D_lercd")

[node name="Crate3" type="StaticBody3D" parent="Sections/Section1/Geometry"]
transform = Transform3D(9.436451, -2.8509934, -1.6808469, 3.2776356, 8.754447, 3.5520077, 0.45881355, -3.9027548, 9.195542, 100.532, -0.41471818, -252.05348)

[node name="Mesh" parent="Sections/Section1/Geometry/Crate3" instance=ExtResource("10_ikdcw")]

[node name="Collision" type="CollisionShape3D" parent="Sections/Section1/Geometry/Crate3"]
transform = Transform3D(1, 0, 0, 0, 1, 0, 0, 0, 1, 0.00039672852, 0.07397461, 0.00061035156)
shape = SubResource("BoxShape3D_lercd")

[node name="Crate4" type="StaticBody3D" parent="Sections/Section1/Geometry"]
transform = Transform3D(8.370223, -5.4716883, 0, 5.471689, 8.370222, 0, 0, 0, 10, 15.642452, -0.9927664, -64.155396)

[node name="Mesh" parent="Sections/Section1/Geometry/Crate4" instance=ExtResource("10_ikdcw")]

[node name="Collision" type="CollisionShape3D" parent="Sections/Section1/Geometry/Crate4"]
transform = Transform3D(1, 0, 0, 0, 1, 0, 0, 0, 1, 0.00039672852, 0.07397461, 0.00061035156)
shape = SubResource("BoxShape3D_lercd")

[node name="Crate5" type="StaticBody3D" parent="Sections/Section1/Geometry"]
transform = Transform3D(8.370223, -3.179447, -4.453144, 5.4716887, 4.8637037, 6.8121214, 0, -8.138518, 5.8107233, 27.849514, -0.3986737, -62.562824)

[node name="Mesh" parent="Sections/Section1/Geometry/Crate5" instance=ExtResource("10_ikdcw")]

[node name="Collision" type="CollisionShape3D" parent="Sections/Section1/Geometry/Crate5"]
transform = Transform3D(1, 0, 0, 0, 1, 0, 0, 0, 1, 0.00039672852, 0.07397461, 0.00061035156)
shape = SubResource("BoxShape3D_lercd")

[node name="Crate6" type="StaticBody3D" parent="Sections/Section1/Geometry"]
transform = Transform3D(2.5549917, 2.2066565, -9.4129, -7.683554, 6.372832, -0.5916102, 5.8681355, 7.383607, 3.3237503, 23.012506, -0.21833313, -71.12794)

[node name="Mesh" parent="Sections/Section1/Geometry/Crate6" instance=ExtResource("10_ikdcw")]

[node name="Collision" type="CollisionShape3D" parent="Sections/Section1/Geometry/Crate6"]
transform = Transform3D(1, 0, 0, 0, 1, 0, 0, 0, 1, 0.00039672852, 0.07397461, 0.00061035156)
shape = SubResource("BoxShape3D_lercd")

[node name="Item" type="Area3D" parent="Sections/Section1"]
transform = Transform3D(0.99586225, 0, -0.090875916, 0, 1, 0, 0.090875916, 0, 0.99586225, 96.022964, 1.3381969, -250.88284)
script = ExtResource("7_5trvw")

[node name="Gear" parent="Sections/Section1/Item" instance=ExtResource("12_ijbeq")]
transform = Transform3D(0.5, 0, 0, 0, -2.1855694e-08, -0.5, 0, 0.5, -2.1855694e-08, 0, 0, 0)

[node name="Collision" type="CollisionShape3D" parent="Sections/Section1/Item"]
shape = SubResource("SphereShape3D_pc8c5")

[node name="BoomSound" type="AudioStreamPlayer3D" parent="Sections/Section1"]
transform = Transform3D(1, 0, 0, 0, 1, 0, 0, 0, 1, 39.018803, 0, -96.08991)
stream = ExtResource("8_ikdcw")
volume_db = 2.0
unit_size = 85.66

[node name="Crack" type="MeshInstance3D" parent="Sections/Section1"]
transform = Transform3D(15, 0, 0, 0, -6.556708e-07, 15, 0, -15, -6.556708e-07, 39.47175, 0.21713388, -96.29984)
visible = false
material_override = ExtResource("12_5trvw")
mesh = SubResource("QuadMesh_ikdcw")
skeleton = NodePath("../Geometry")

[node name="BoomTrigger" type="Area3D" parent="Sections/Section1" node_paths=PackedStringArray("sounds")]
transform = Transform3D(0.8754561, 0, -0.48329765, 0, 1, 0, 0.48329765, 0, 0.8754561, 52.477547, 15.037771, -164.7663)
script = ExtResource("9_lercd")
sounds = [NodePath("../BoomSound")]

[node name="Collision" type="CollisionShape3D" parent="Sections/Section1/BoomTrigger"]
transform = Transform3D(1, 0, 0, 0, 1, 0, 0, 0, 1, 7.420372, -2.8661346, 1.5258789e-05)
shape = SubResource("BoxShape3D_5k8xk")

[node name="SwimTrigger" type="Area3D" parent="Sections/Section1" node_paths=PackedStringArray("start_pos", "end_pos")]
transform = Transform3D(0.94863343, 0, -0.3163777, 0, 1, 0, 0.3163777, 0, 0.94863343, 17.294464, 1.0083218, -38.47193)
script = ExtResource("10_wa5e3")
start_pos = NodePath("SwimStart")
end_pos = NodePath("SwimEnd")
item_state = 1

[node name="Collision" type="CollisionShape3D" parent="Sections/Section1/SwimTrigger"]
transform = Transform3D(1, 0, 0, 0, 1, 0, 0, 0, 1, 0, 3.4117432, 0)
shape = SubResource("BoxShape3D_m2hq8")

[node name="SwimStart" type="Node3D" parent="Sections/Section1/SwimTrigger"]
transform = Transform3D(0.80116475, 0, 3.9189448, 0, 4, 0, -3.9189448, 0, 0.80116475, 1.6837502, -6.2399287, -32.426323)

[node name="SwimEnd" type="Node3D" parent="Sections/Section1/SwimTrigger"]
transform = Transform3D(0.99999976, 0, 0, 0, 1, 0, 0, 0, 0.99999976, -21.368196, -7.008322, 63.766155)

[node name="Section2" type="Node3D" parent="Sections" node_paths=PackedStringArray("item_node")]
script = ExtResource("6_575dc")
item_node = NodePath("Item")

[node name="Geometry" type="Node3D" parent="Sections/Section2"]

[node name="CSGBox3D" type="CSGBox3D" parent="Sections/Section2/Geometry"]
transform = Transform3D(0.6811938, 0.7321031, -8.614815e-09, -0.5553241, 0.5167076, 0.65163517, 0.47706416, -0.44388986, 0.7585326, 47.998314, -20.530243, -9.763296)
material_override = ExtResource("14_ikdcw")
use_collision = true
size = Vector3(20, 20, 61.64209)

[node name="CSGBox3D8" type="CSGBox3D" parent="Sections/Section2/Geometry"]
transform = Transform3D(-0.5530015, -0.8146575, 0.17470631, -0.373485, 0.4298185, 0.8220494, -0.74478084, 0.38934436, -0.54195255, 42.83964, -2.7130604, 43.489574)
material_override = ExtResource("14_ikdcw")
use_collision = true
size = Vector3(20, 16.68164, 61.64209)

[node name="CSGBox3D4" type="CSGBox3D" parent="Sections/Section2/Geometry"]
transform = Transform3D(-0.7331766, 0.6102529, 0.30007234, 0.21998924, -0.20469157, 0.9537852, 0.64347255, 0.7653055, 0.015825836, 3.026245, -28.719158, 29.150995)
material_override = ExtResource("7_jqwu2")
use_collision = true
size = Vector3(20, 20, 61.64209)

[node name="CSGBox3D2" type="CSGBox3D" parent="Sections/Section2/Geometry"]
transform = Transform3D(-0.93310225, 0.18054661, -0.31100368, -0.0016975733, 0.8626114, 0.505864, 0.3596075, 0.47255087, -0.80459815, 97.381516, -8.291565, 53.12263)
material_override = ExtResource("7_jqwu2")
use_collision = true
size = Vector3(15.190308, 14.834473, 52.01465)

[node name="GateCollider" type="StaticBody3D" parent="Sections/Section2/Geometry"]
transform = Transform3D(0.7251702, 0, -0.6885698, 0, 1, 0, 0.6885698, 0, 0.7251702, 101.29635, 7.0635033, 26.635817)

[node name="CollisionShape3D" type="CollisionShape3D" parent="Sections/Section2/Geometry/GateCollider"]
transform = Transform3D(1, 0, 0, 0, 1, 0, 0, 0, 1, 7.6293945e-06, -4.1140137, 0.002067566)
shape = SubResource("BoxShape3D_5trvw")

[node name="CSGBox3D9" type="CSGBox3D" parent="Sections/Section2/Geometry"]
transform = Transform3D(0.7251702, 0, -0.6885698, 0, 1, 0, 0.6885698, 0, 0.7251702, 101.29635, 7.0635033, 26.635817)
material_override = ExtResource("7_jqwu2")
size = Vector3(1.6455536, 0.9251709, 14.726257)

[node name="CSGBox3D5" type="CSGBox3D" parent="Sections/Section2/Geometry"]
transform = Transform3D(-0.72242624, 0.68675107, 0.08045622, 0.056204766, -0.057650268, 0.9967536, 0.68916005, 0.72460294, 0.0030492842, 105.793015, 3.0028305, 10.221325)
material_override = ExtResource("14_ikdcw")
use_collision = true
size = Vector3(20, 20, 52.01465)

[node name="CSGBox3D6" type="CSGBox3D" parent="Sections/Section2/Geometry"]
transform = Transform3D(-0.07061313, 0.06296973, 0.99551433, -0.12764826, -0.99037075, 0.053590298, 0.9893029, -0.12329146, 0.077971265, 165.5636, -2.1846623, 37.938137)
material_override = ExtResource("13_575dc")
use_collision = true
size = Vector3(18.631104, 9.5703125, 63.406616)
metadata/ground = "wood"

[node name="CSGBox3D3" type="CSGBox3D" parent="Sections/Section2/Geometry"]
transform = Transform3D(0.98109126, 0.03668261, 0.19003668, -0.17486078, 0.5888896, 0.7890702, -0.0829655, -0.80738014, 0.584169, 75.40532, 2.2134104, -20.27266)
material_override = ExtResource("14_ikdcw")
use_collision = true
size = Vector3(20, 20, 60.82715)

[node name="CSGCylinder3D" type="CSGCylinder3D" parent="Sections/Section2/Geometry"]
transform = Transform3D(1.0000001, 0, 0, 0, 0.9999999, 0, 0, 0, 0.99999994, 103.350945, 3.1643796, 24.145248)
material_override = ExtResource("7_jqwu2")
height = 8.53125

[node name="CSGCylinder3D2" type="CSGCylinder3D" parent="Sections/Section2/Geometry"]
transform = Transform3D(1.0000001, 0, 0, 0, 0.9999999, 0, 0, 0, 0.99999994, 102.49118, 3.1643796, 25.589344)
material_override = ExtResource("7_jqwu2")
height = 8.53125

