[gd_scene load_steps=40 format=3 uid="uid://cnivq5x3pn6cr"]

[ext_resource type="Material" uid="uid://d0mxw0twcpkls" path="res://Assets/Materials/Ice/ice.tres" id="1_q2uwy"]
[ext_resource type="PackedScene" uid="uid://1a0i72xpxodg" path="res://Player/player.tscn" id="2_q2uwy"]
[ext_resource type="AudioStream" uid="uid://cscrh6v1wkg8o" path="res://Assets/Audio/ladder.mp3" id="4_slrkl"]
[ext_resource type="ArrayMesh" uid="uid://do4uqx1m321p1" path="res://Assets/Models/lighthouse.obj" id="5_g86mt"]
[ext_resource type="Script" uid="uid://2e23ufbfrlxt" path="res://Scripts/Radar/section.gd" id="5_ikad4"]
[ext_resource type="Script" uid="uid://3m43tgnbe0a6" path="res://Scripts/Item/item.gd" id="6_i1fv3"]
[ext_resource type="Script" uid="uid://dqiqxpxds8shn" path="res://Scripts/Lighthouse/teleport_area.gd" id="7_jvpjp"]
[ext_resource type="AudioStream" uid="uid://bxycu2c54j3sy" path="res://Assets/Audio/Boom/boom-03.mp3" id="7_p0wft"]
[ext_resource type="Script" uid="uid://ctkrdogec66yk" path="res://Scripts/Radar/radar.gd" id="7_t871u"]
[ext_resource type="AudioStream" uid="uid://bsnwukbh1y8dl" path="res://Assets/Audio/Door/door-open.mp3" id="8_i1fv3"]
[ext_resource type="Script" uid="uid://54b3fpdf1hxx" path="res://Scripts/ScriptedEvents/boom_1.gd" id="8_r7pl7"]
[ext_resource type="Script" uid="uid://bjhuygaqnea2o" path="res://Scripts/General/fade_rect.gd" id="8_t871u"]
[ext_resource type="Script" uid="uid://bmpdklpkp6q8f" path="res://Scripts/ScriptedEvents/swim_1.gd" id="9_5k8xk"]
[ext_resource type="PackedScene" uid="uid://be2mws23qy2ip" path="res://Assets/Models/Room.blend" id="9_libv1"]
[ext_resource type="AudioStream" uid="uid://bck3t1o7ld4wu" path="res://Assets/Audio/Door/door_close.mp3" id="9_pc8c5"]
[ext_resource type="Script" uid="uid://bi3xulqxmf40o" path="res://Scripts/General/pause_menu.gd" id="12_14fha"]
[ext_resource type="Script" uid="uid://d1e5i4g6oy0wj" path="res://Scripts/Beacon/beacon.gd" id="14_qh5v2"]
[ext_resource type="AudioStream" uid="uid://cktltx754rtnq" path="res://Assets/Audio/radar-ping.mp3" id="15_351bi"]
[ext_resource type="Material" uid="uid://ckhv8g8ayig40" path="res://Assets/Materials/Basic/black.tres" id="15_kudqo"]
[ext_resource type="AudioStream" uid="uid://b5i6y7i4vyo5v" path="res://Assets/Audio/fix.mp3" id="15_slrkl"]
[ext_resource type="ArrayMesh" uid="uid://dejosbsv1h0x3" path="res://Assets/Models/creature.obj" id="16_5k8xk"]

[sub_resource type="ProceduralSkyMaterial" id="ProceduralSkyMaterial_qetym"]

[sub_resource type="Sky" id="Sky_q2uwy"]
sky_material = SubResource("ProceduralSkyMaterial_qetym")

[sub_resource type="Environment" id="Environment_5e1uj"]
sky = SubResource("Sky_q2uwy")
ambient_light_source = 3
fog_enabled = true
fog_light_color = Color(0.2106368, 0.23213801, 0.26559368, 1)
fog_density = 0.1

[sub_resource type="PlaneMesh" id="PlaneMesh_qetym"]
size = Vector2(1000, 1000)

[sub_resource type="BoxShape3D" id="BoxShape3D_q2uwy"]
size = Vector3(1000, 1, 1000)

[sub_resource type="PrismMesh" id="PrismMesh_jvpjp"]

[sub_resource type="SphereShape3D" id="SphereShape3D_pc8c5"]
radius = 0.8

[sub_resource type="BoxShape3D" id="BoxShape3D_5k8xk"]
size = Vector3(249.35492, 41.97934, 11.817871)

[sub_resource type="BoxShape3D" id="BoxShape3D_m2hq8"]
size = Vector3(84.16615, 25.667725, 6.189453)

[sub_resource type="BoxShape3D" id="BoxShape3D_e304g"]
size = Vector3(2.1780052, 3.6185398, 2.9713397)

[sub_resource type="BoxMesh" id="BoxMesh_i1fv3"]

[sub_resource type="SphereMesh" id="SphereMesh_jvpjp"]
radius = 0.1
height = 0.2

[sub_resource type="CylinderShape3D" id="CylinderShape3D_i1fv3"]
height = 3.0847168
radius = 1.5

[sub_resource type="CylinderMesh" id="CylinderMesh_ikad4"]
top_radius = 0.75
bottom_radius = 0.75

[sub_resource type="CylinderShape3D" id="CylinderShape3D_351bi"]
radius = 1.0

[sub_resource type="CapsuleMesh" id="CapsuleMesh_es55r"]

[sub_resource type="ConcavePolygonShape3D" id="ConcavePolygonShape3D_r7pl7"]
data = PackedVector3Array(2.1048, 3.5, 5.0813, 0, 3.5, 5.5, 0, 0, 5.5, 2.1048, 0, 5.0813, 2.1048, 3.5, 5.0813, 0, 0, 5.5, 3.8890998, 3.5, 3.8890998, 2.1048, 3.5, 5.0813, 2.1048, 0, 5.0813, 3.8890998, 0, 3.8890998, 3.8890998, 3.5, 3.8890998, 2.1048, 0, 5.0813, 5.0813, 3.5, 2.1048, 3.8890998, 3.5, 3.8890998, 3.8890998, 0, 3.8890998, 5.0813, 0, 2.1048, 5.0813, 3.5, 2.1048, 3.8890998, 0, 3.8890998, 5.5, 3.5, 0, 5.0813, 3.5, 2.1048, 5.0813, 0, 2.1048, 5.5, 0, 0, 5.5, 3.5, 0, 5.0813, 0, 2.1048, 5.0813, 3.5, -2.1048, 5.5, 3.5, 0, 5.5, 0, 0, 5.0813, 0, -2.1048, 5.0813, 3.5, -2.1048, 5.5, 0, 0, 3.8890998, 3.5, -3.8890998, 5.0813, 3.5, -2.1048, 5.0813, 0, -2.1048, 3.8890998, 0, -3.8890998, 3.8890998, 3.5, -3.8890998, 5.0813, 0, -2.1048, 2.1048, 3.5, -5.0813, 3.8890998, 3.5, -3.8890998, 3.8890998, 0, -3.8890998, 2.1048, 0, -5.0813, 2.1048, 3.5, -5.0813, 3.8890998, 0, -3.8890998, 0, 3.5, -5.5, 2.1048, 3.5, -5.0813, 2.1048, 0, -5.0813, 0, 0, -5.5, 0, 3.5, -5.5, 2.1048, 0, -5.0813, -2.1048, 3.5, -5.0813, 0, 3.5, -5.5, 0, 0, -5.5, -2.1048, 0, -5.0813, -2.1048, 3.5, -5.0813, 0, 0, -5.5, -3.8890998, 3.5, -3.8890998, -2.1048, 3.5, -5.0813, -2.1048, 0, -5.0813, -3.8890998, 0, -3.8890998, -3.8890998, 3.5, -3.8890998, -2.1048, 0, -5.0813, -5.0813, 3.5, -2.1048, -3.8890998, 3.5, -3.8890998, -3.8890998, 0, -3.8890998, -5.0813, 0, -2.1048, -5.0813, 3.5, -2.1048, -3.8890998, 0, -3.8890998, -5.5, 3.5, 0, -5.0813, 3.5, -2.1048, -5.0813, 0, -2.1048, -5.5, 0, 0, -5.5, 3.5, 0, -5.0813, 0, -2.1048, -5.0813, 3.5, 2.1048, -5.5, 3.5, 0, -5.5, 0, 0, -5.0813, 0, 2.1048, -5.0813, 3.5, 2.1048, -5.5, 0, 0, -3.8890998, 3.5, 3.8890998, -5.0813, 3.5, 2.1048, -5.0813, 0, 2.1048, -3.8890998, 0, 3.8890998, -3.8890998, 3.5, 3.8890998, -5.0813, 0, 2.1048, -2.1048, 3.5, 5.0813, -3.8890998, 3.5, 3.8890998, -3.8890998, 0, 3.8890998, -2.1048, 0, 5.0813, -2.1048, 3.5, 5.0813, -3.8890998, 0, 3.8890998, 0, 3.5, 5.5, -2.1048, 3.5, 5.0813, -2.1048, 0, 5.0813, 0, 0, 5.5, 0, 3.5, 5.5, -2.1048, 0, 5.0813, 2.1048, 0, 5.0813, 0, 0, 5.5, 0, -3.5, 5.5, 2.1048, -3.5, 5.0813, 2.1048, 0, 5.0813, 0, -3.5, 5.5, 3.8890998, 0, 3.8890998, 2.1048, 0, 5.0813, 2.1048, -3.5, 5.0813, 3.8890998, -3.5, 3.8890998, 3.8890998, 0, 3.8890998, 2.1048, -3.5, 5.0813, 5.0813, 0, 2.1048, 3.8890998, 0, 3.8890998, 3.8890998, -3.5, 3.8890998, 5.0813, -3.5, 2.1048, 5.0813, 0, 2.1048, 3.8890998, -3.5, 3.8890998, 5.5, 0, 0, 5.0813, 0, 2.1048, 5.0813, -3.5, 2.1048, 5.5, -3.5, 0, 5.5, 0, 0, 5.0813, -3.5, 2.1048, 5.0813, 0, -2.1048, 5.5, 0, 0, 5.5, -3.5, 0, 5.0813, -3.5, -2.1048, 5.0813, 0, -2.1048, 5.5, -3.5, 0, 3.8890998, 0, -3.8890998, 5.0813, 0, -2.1048, 5.0813, -3.5, -2.1048, 3.8890998, -3.5, -3.8890998, 3.8890998, 0, -3.8890998, 5.0813, -3.5, -2.1048, 2.1048, 0, -5.0813, 3.8890998, 0, -3.8890998, 3.8890998, -3.5, -3.8890998, 2.1048, -3.5, -5.0813, 2.1048, 0, -5.0813, 3.8890998, -3.5, -3.8890998, 0, 0, -5.5, 2.1048, 0, -5.0813, 2.1048, -3.5, -5.0813, 0, -3.5, -5.5, 0, 0, -5.5, 2.1048, -3.5, -5.0813, -2.1048, 0, -5.0813, 0, 0, -5.5, 0, -3.5, -5.5, -2.1048, -3.5, -5.0813, -2.1048, 0, -5.0813, 0, -3.5, -5.5, -3.8890998, 0, -3.8890998, -2.1048, 0, -5.0813, -2.1048, -3.5, -5.0813, -3.8890998, -3.5, -3.8890998, -3.8890998, 0, -3.8890998, -2.1048, -3.5, -5.0813, -5.0813, 0, -2.1048, -3.8890998, 0, -3.8890998, -3.8890998, -3.5, -3.8890998, -5.0813, -3.5, -2.1048, -5.0813, 0, -2.1048, -3.8890998, -3.5, -3.8890998, -5.5, 0, 0, -5.0813, 0, -2.1048, -5.0813, -3.5, -2.1048, -5.5, -3.5, 0, -5.5, 0, 0, -5.0813, -3.5, -2.1048, -5.0813, 0, 2.1048, -5.5, 0, 0, -5.5, -3.5, 0, -5.0813, -3.5, 2.1048, -5.0813, 0, 2.1048, -5.5, -3.5, 0, -3.8890998, 0, 3.8890998, -5.0813, 0, 2.1048, -5.0813, -3.5, 2.1048, -3.8890998, -3.5, 3.8890998, -3.8890998, 0, 3.8890998, -5.0813, -3.5, 2.1048, -2.1048, 0, 5.0813, -3.8890998, 0, 3.8890998, -3.8890998, -3.5, 3.8890998, -2.1048, -3.5, 5.0813, -2.1048, 0, 5.0813, -3.8890998, -3.5, 3.8890998, 0, 0, 5.5, -2.1048, 0, 5.0813, -2.1048, -3.5, 5.0813, 0, -3.5, 5.5, 0, 0, 5.5, -2.1048, -3.5, 5.0813)

[sub_resource type="BoxShape3D" id="BoxShape3D_kudqo"]
size = Vector3(12, 1, 12)

[node name="Node3D" type="Node3D"]

[node name="Player" parent="." instance=ExtResource("2_q2uwy")]
unique_name_in_owner = true
transform = Transform3D(-4.371139e-08, 0, -1, 0, 1, 0, 1, 0, -4.371139e-08, -3.1541648, 498.19812, -0.40399492)
max_speed = 20.0
gravity = 10.0

[node name="DoorOpenSound" type="AudioStreamPlayer3D" parent="Player"]
stream = ExtResource("8_i1fv3")

[node name="DoorCloseSound" type="AudioStreamPlayer3D" parent="Player"]
stream = ExtResource("9_pc8c5")

[node name="LadderSound" type="AudioStreamPlayer3D" parent="Player"]
stream = ExtResource("4_slrkl")

[node name="Environment" type="WorldEnvironment" parent="."]
environment = SubResource("Environment_5e1uj")

[node name="Ocean" type="StaticBody3D" parent="."]
metadata/ground = "snow"

[node name="Mesh" type="MeshInstance3D" parent="Ocean"]
transform = Transform3D(0.99998367, -0.0035545274, -0.0044668876, 0.0035676754, 0.9999895, 0.0029390273, 0.0044564083, -0.0029548912, 0.9999858, 0.97854185, -0.015907526, -0.1981355)
material_override = ExtResource("1_q2uwy")
mesh = SubResource("PlaneMesh_qetym")
skeleton = NodePath("")

[node name="Collision" type="CollisionShape3D" parent="Ocean"]
transform = Transform3D(1, 0, 0, 0, 1, 0, 0, 0, 1, 0, -0.62923765, 0)
shape = SubResource("BoxShape3D_q2uwy")

[node name="Island" type="CSGSphere3D" parent="."]
transform = Transform3D(1, 0, 0, 0, 1, 0, 0, 0, 1, 0, -7.5372696, 0)
use_collision = true
radius = 9.833695
radial_segments = 24
rings = 8

[node name="Sections" type="Node3D" parent="."]
unique_name_in_owner = true

[node name="Section1" type="Node3D" parent="Sections" node_paths=PackedStringArray("item_node")]
script = ExtResource("5_ikad4")
item_node = NodePath("Item")

[node name="Geometry" type="Node3D" parent="Sections/Section1"]

[node name="CSGCylinder3D" type="CSGCylinder3D" parent="Sections/Section1/Geometry"]
transform = Transform3D(1, 0, 0, 0, 0.82839286, 0.5601475, 0, -0.5601475, 0.82839286, 22.810595, 4.9237723, -22.023895)
use_collision = true
radius = 6.7094727
height = 34.00856

[node name="CSGCylinder3D2" type="CSGCylinder3D" parent="Sections/Section1/Geometry"]
transform = Transform3D(0.85903645, 0.36015043, 0.3637966, -0.26998314, 0.92252946, -0.27576932, -0.43493155, 0.13867694, 0.889721, 35.185623, -10.728529, -47.41249)
use_collision = true
radius = 9.902344
height = 66.04323

[node name="CSGCylinder3D9" type="CSGCylinder3D" parent="Sections/Section1/Geometry"]
transform = Transform3D(0.86094815, -0.22544771, 0.45600572, 0.26382297, 0.96433496, -0.021339372, -0.43493155, 0.13867691, 0.88972086, 131.75237, -10.728529, -145.21118)
use_collision = true
radius = 9.902344
height = 66.04323

[node name="CSGCylinder3D10" type="CSGCylinder3D" parent="Sections/Section1/Geometry"]
transform = Transform3D(0.87745094, 0.2872218, 0.38416538, -0.20227234, 0.9477724, -0.24660403, -0.43493155, 0.13867691, 0.88972086, 98.44974, -10.728529, -179.35104)
use_collision = true
radius = 9.902344
height = 66.04323

[node name="CSGCylinder3D11" type="CSGCylinder3D" parent="Sections/Section1/Geometry"]
transform = Transform3D(0.47591308, -0.14937955, -0.8667135, 0.26382303, 0.9643351, -0.021339366, 0.8389898, -0.21850337, 0.4983493, -22.401457, -10.728529, -119.522194)
use_collision = true
radius = 9.902344
height = 66.04323

[node name="CSGCylinder3D15" type="CSGCylinder3D" parent="Sections/Section1/Geometry"]
transform = Transform3D(-0.9457605, 0.25426707, -0.20220032, 0.26382303, 0.9643351, -0.02133938, 0.18956307, -0.073527016, -0.97911155, 100.42058, -10.728529, -72.08438)
use_collision = true
radius = 9.902344
height = 66.04323

[node name="CSGCylinder3D12" type="CSGCylinder3D" parent="Sections/Section1/Geometry"]
transform = Transform3D(0.47670835, -0.124675356, -0.8701753, -0.20227237, 0.9477725, -0.24660407, 0.85547346, 0.29357064, 0.4265925, 34.53176, -10.728529, -202.51903)
use_collision = true
radius = 9.902344
height = 66.04323

[node name="CSGCylinder3D13" type="CSGCylinder3D" parent="Sections/Section1/Geometry"]
transform = Transform3D(-0.7337269, -0.5398785, -0.41252407, 0.40074757, 0.14642657, -0.90441185, 0.54867685, -0.8289095, 0.10891788, 121.71675, 2.1057396, -260.46503)
use_collision = true
radius = 9.902344
height = 66.04323

[node name="CSGCylinder3D14" type="CSGCylinder3D" parent="Sections/Section1/Geometry"]
transform = Transform3D(-0.16673627, -0.90863717, 0.3828551, 0.4234122, -0.41664895, -0.8044412, 0.890461, 0.02797591, 0.4541984, 76.73215, 2.1057396, -276.21497)
use_collision = true
radius = 9.902344
height = 66.04323

[node name="CSGCylinder3D4" type="CSGCylinder3D" parent="Sections/Section1/Geometry"]
transform = Transform3D(0.7472362, 0.6069358, 0.27067876, -0.50246656, 0.78255844, -0.36759996, -0.43493155, 0.13867694, 0.889721, 3.7358932, -15.839488, -86.26103)
use_collision = true
radius = 6.7094727
height = 84.78519

[node name="CSGCylinder3D5" type="CSGCylinder3D" parent="Sections/Section1/Geometry"]
transform = Transform3D(-0.34579992, 0.3456025, -0.87234247, -0.5249699, -0.84183013, -0.12541409, -0.7777075, 0.4145853, 0.4725358, 47.96012, -13.767037, -60.426952)
use_collision = true
radius = 6.7094727
height = 75.92044

[node name="CSGCylinder3D6" type="CSGCylinder3D" parent="Sections/Section1/Geometry"]
transform = Transform3D(0.27120408, 0.8994217, -0.34276676, -0.56711483, -0.13841861, -0.8119243, -0.7777076, 0.41458526, 0.47253576, 53.753265, -1.0615535, -121.37274)
use_collision = true
radius = 6.7094727
height = 90.696304

[node name="CSGCylinder3D8" type="CSGCylinder3D" parent="Sections/Section1/Geometry"]
transform = Transform3D(0.8236261, -0.089849144, -0.5599708, -0.54942054, 0.11842786, -0.8271108, 0.14063136, 0.98888946, 0.04817527, 83.93995, -2.9320793, -195.9692)
use_collision = true
radius = 6.7094727
height = 188.56421

[node name="CSGCylinder3D7" type="CSGCylinder3D" parent="Sections/Section1/Geometry"]
transform = Transform3D(-0.7778066, -0.56946796, 0.26593855, 0.10433763, 0.30026367, 0.9481328, -0.6197829, 0.7652111, -0.17413008, 58.7547, -1.2739139, -180.05673)
use_collision = true
radius = 6.7094727
height = 123.75958

[node name="CSGCylinder3D3" type="CSGCylinder3D" parent="Sections/Section1/Geometry"]
transform = Transform3D(0.8816084, 0.3909861, 0.2643793, -0.47198153, 0.7303181, 0.49383077, 0, -0.5601475, 0.82839286, -8.720428, -9.554899, -38.330048)
use_collision = true
radius = 9.995117
height = 67.6221

[node name="Item" type="Area3D" parent="Sections/Section1"]
transform = Transform3D(0.99586225, 0, -0.090875916, 0, 1, 0, 0.090875916, 0, 0.99586225, 96.022964, 1.3381969, -250.88284)
script = ExtResource("6_i1fv3")

[node name="Mesh" type="MeshInstance3D" parent="Sections/Section1/Item"]
mesh = SubResource("PrismMesh_jvpjp")
skeleton = NodePath("../..")

[node name="Collision" type="CollisionShape3D" parent="Sections/Section1/Item"]
shape = SubResource("SphereShape3D_pc8c5")

[node name="BoomSound" type="AudioStreamPlayer3D" parent="Sections/Section1"]
transform = Transform3D(1, 0, 0, 0, 1, 0, 0, 0, 1, 38.41484, 0, -98.37521)
stream = ExtResource("7_p0wft")
volume_db = 2.0
unit_size = 85.66

[node name="BoomTrigger" type="Area3D" parent="Sections/Section1"]
transform = Transform3D(0.8754561, 0, -0.48329765, 0, 1, 0, 0.48329765, 0, 0.8754561, 52.477547, 15.037771, -164.7663)
script = ExtResource("8_r7pl7")

[node name="Collision" type="CollisionShape3D" parent="Sections/Section1/BoomTrigger"]
transform = Transform3D(1, 0, 0, 0, 1, 0, 0, 0, 1, 7.420372, -2.8661346, 1.5258789e-05)
shape = SubResource("BoxShape3D_5k8xk")

[node name="SwimTrigger" type="Area3D" parent="Sections/Section1"]
transform = Transform3D(0.94863343, 0, -0.3163777, 0, 1, 0, 0.3163777, 0, 0.94863343, 17.294464, 1.0083218, -38.47193)
script = ExtResource("9_5k8xk")

[node name="Collision" type="CollisionShape3D" parent="Sections/Section1/SwimTrigger"]
transform = Transform3D(1, 0, 0, 0, 1, 0, 0, 0, 1, 0, 3.4117432, 0)
shape = SubResource("BoxShape3D_m2hq8")

[node name="SwimDestination" type="Node3D" parent="Sections/Section1"]
transform = Transform3D(0.94863325, 0, -0.3163776, 0, 1, 0, 0.3163776, 0, 0.94863325, -23.15031, -6, 15.258358)

[node name="Section2" type="Node3D" parent="Sections" node_paths=PackedStringArray("item_node")]
script = ExtResource("5_ikad4")
item_node = NodePath("Item")

[node name="Geometry" type="Node3D" parent="Sections/Section2"]

[node name="CSGBox3D" type="CSGBox3D" parent="Sections/Section2/Geometry"]
transform = Transform3D(0.6811938, 0.7321031, -8.614815e-09, -0.5553241, 0.5167076, 0.65163517, 0.47706416, -0.44388986, 0.7585326, 47.998314, -20.530243, -9.763296)
use_collision = true
size = Vector3(20, 20, 61.64209)

[node name="CSGBox3D8" type="CSGBox3D" parent="Sections/Section2/Geometry"]
transform = Transform3D(-0.5530015, -0.8146575, 0.17470631, -0.373485, 0.4298185, 0.8220494, -0.74478084, 0.38934436, -0.54195255, 42.83964, -2.7130604, 43.489574)
use_collision = true
size = Vector3(20, 16.68164, 61.64209)

[node name="CSGBox3D4" type="CSGBox3D" parent="Sections/Section2/Geometry"]
transform = Transform3D(-0.7331766, 0.6102529, 0.30007234, 0.21998924, -0.20469157, 0.9537852, 0.64347255, 0.7653055, 0.015825836, 3.026245, -28.719158, 29.150995)
use_collision = true
size = Vector3(20, 20, 61.64209)

[node name="CSGBox3D2" type="CSGBox3D" parent="Sections/Section2/Geometry"]
transform = Transform3D(-0.93310225, 0.18054661, -0.31100368, -0.0016975733, 0.8626114, 0.505864, 0.3596075, 0.47255087, -0.80459815, 95.02924, -8.813087, 53.703968)
use_collision = true
size = Vector3(20, 20, 52.01465)

[node name="CSGBox3D5" type="CSGBox3D" parent="Sections/Section2/Geometry"]
transform = Transform3D(-0.72242624, 0.68675107, 0.08045622, 0.056204766, -0.057650268, 0.9967536, 0.68916005, 0.72460294, 0.0030492842, 105.793015, 3.0028305, 10.221325)
use_collision = true
size = Vector3(20, 20, 52.01465)

[node name="CSGBox3D6" type="CSGBox3D" parent="Sections/Section2/Geometry"]
transform = Transform3D(-0.07061313, 0.06296973, 0.99551433, -0.12764826, -0.99037075, 0.053590298, 0.9893029, -0.12329146, 0.077971265, 165.5636, -2.1846623, 37.938137)
use_collision = true
size = Vector3(18.631104, 9.5703125, 63.406616)
metadata/ground = "wood"

[node name="CSGBox3D7" type="CSGBox3D" parent="Sections/Section2/Geometry"]
transform = Transform3D(-0.9704344, 0.11355368, -0.21298678, -0.17769834, -0.93329513, 0.312064, -0.16334341, 0.34068477, 0.9258797, 165.78441, 3.2125044, 25.76271)
use_collision = true
size = Vector3(15.233887, 2.963379, 60.506165)
metadata/ground = "wood"

[node name="CSGBox3D3" type="CSGBox3D" parent="Sections/Section2/Geometry"]
transform = Transform3D(0.98109126, 0.03668261, 0.19003668, -0.17486078, 0.5888896, 0.7890702, -0.0829655, -0.80738014, 0.584169, 75.40532, 2.2134104, -20.27266)
use_collision = true
size = Vector3(20, 20, 60.82715)

[node name="Item" type="Area3D" parent="Sections/Section2"]
transform = Transform3D(0.99586225, 0, -0.090875916, 0, 1, 0, 0.090875916, 0, 0.99586225, 186.76335, 5.7731657, 38.971478)
script = ExtResource("6_i1fv3")

[node name="Mesh" type="MeshInstance3D" parent="Sections/Section2/Item"]
mesh = SubResource("PrismMesh_jvpjp")
skeleton = NodePath("../..")

[node name="Collision" type="CollisionShape3D" parent="Sections/Section2/Item"]
shape = SubResource("SphereShape3D_pc8c5")

[node name="Lighthouse" type="MeshInstance3D" parent="."]
transform = Transform3D(1, 0, 0, 0, 1, 0, 0, 0, 1, 0, 1.4831586, 0)
mesh = ExtResource("5_g86mt")

[node name="EnterLighthouseArea" type="Area3D" parent="Lighthouse" node_paths=PackedStringArray("destination", "interact_sfx")]
transform = Transform3D(1, 0, 0, 0, 1, 0, 0, 0, 1, 0, 0, -2.9892716)
script = ExtResource("7_jvpjp")
destination = NodePath("../../LighthouseRoom/EnterPoint")
actionbar_prompt = "Press E to enter"
interact_sfx = NodePath("../../Player/DoorOpenSound")

[node name="Collision" type="CollisionShape3D" parent="Lighthouse/EnterLighthouseArea"]
transform = Transform3D(1, 0, 0, 0, 1, 0, 0, 0, 1, -0.05230713, 0.85198975, 0.48332977)
shape = SubResource("BoxShape3D_e304g")

[node name="ExitPoint" type="Node3D" parent="Lighthouse"]
transform = Transform3D(1, 0, 0, 0, 1, 0, 0, 0, 1, -0.06247878, 0.76714563, -4.374405)

[node name="LighthouseRoom" type="Node3D" parent="."]
transform = Transform3D(1, 0, 0, 0, 1, 0, 0, 0, 1, 0, 500, 0)
metadata/ground = "wood"

[node name="Room" parent="LighthouseRoom" instance=ExtResource("9_libv1")]
transform = Transform3D(-5.4990277, 0, -4.8074025e-07, 0, 5.4990277, 0, 4.8074025e-07, 0, -5.4990277, 0, -2.2999878, 0)

[node name="EnterPoint" type="Node3D" parent="LighthouseRoom"]
transform = Transform3D(-4.371139e-08, 0, -1, 0, 1, 0, 1, 0, -4.371139e-08, -3.295483, -1.4455566, 0)

[node name="ExitLighthouseArea" type="Area3D" parent="LighthouseRoom" node_paths=PackedStringArray("destination", "arrive_sfx")]
transform = Transform3D(1, 0, 0, 0, 1, 0, 0, 0, 1, -4.798131, -1.1789856, -0.022398472)
script = ExtResource("7_jvpjp")
destination = NodePath("../../Lighthouse/ExitPoint")
actionbar_prompt = "Press E to exit"
arrive_sfx = NodePath("../../Player/DoorCloseSound")
indoor_destination = false

[node name="Collision" type="CollisionShape3D" parent="LighthouseRoom/ExitLighthouseArea"]
transform = Transform3D(1, 0, 0, 0, 1, 0, 0, 0, 1, -0.517643, 0, 0.023771048)
shape = SubResource("BoxShape3D_e304g")

[node name="ReturnPoint" type="Node3D" parent="LighthouseRoom"]
transform = Transform3D(-1, 0, -8.742278e-08, 0, 1, 0, 8.742278e-08, 0, -1, 0.934, -1.446, -3.557)

[node name="EnterLightRoomArea" type="Area3D" parent="LighthouseRoom" node_paths=PackedStringArray("destination", "interact_sfx")]
transform = Transform3D(1, 0, 0, 0, 1, 0, 0, 0, 1, 0.5594485, -1.1789856, -4.8308067)
script = ExtResource("7_jvpjp")
destination = NodePath("../../BeaconRoom/EnterPoint")
actionbar_prompt = "Press E to go up"
interact_sfx = NodePath("../../Player/LadderSound")
indoor_destination = false

[node name="Collision" type="CollisionShape3D" parent="LighthouseRoom/EnterLightRoomArea"]
transform = Transform3D(1, 0, 0, 0, 1, 0, 0, 0, 1, -0.1505661, 0.31399536, 0.102850914)
shape = SubResource("BoxShape3D_e304g")

[node name="Ladder" type="MeshInstance3D" parent="LighthouseRoom"]
transform = Transform3D(1.0935553, 0, 0, 0, 9.836646, 0, 0, 0, 0.48996314, 0.6268338, -0.52923584, -5.1303787)
mesh = SubResource("BoxMesh_i1fv3")

[node name="Light" type="MeshInstance3D" parent="LighthouseRoom"]
transform = Transform3D(1, 0, 0, 0, -4.371139e-08, 1, 0, -1, -4.371139e-08, 0, 2.468872, 0)
mesh = SubResource("SphereMesh_jvpjp")
skeleton = NodePath("SpotLight3D")

[node name="SpotLight3D" type="SpotLight3D" parent="LighthouseRoom/Light"]
light_color = Color(1, 0.75639063, 0.37819606, 1)
light_energy = 7.75
spot_range = 7.719363
spot_angle = 48.226097

[node name="RadarTerminal" type="Area3D" parent="LighthouseRoom/Light"]
transform = Transform3D(1, 0, 0, 0, -4.371139e-08, -1, 0, 1, -4.371139e-08, 0.37690282, 2.233337e-07, -5.109314)
script = ExtResource("7_t871u")

[node name="Collision" type="CollisionShape3D" parent="LighthouseRoom/Light/RadarTerminal"]
transform = Transform3D(1, 0, 0, 0, 1, 0, 0, 0, 1, 0, 1.1661377, 0)
shape = SubResource("CylinderShape3D_i1fv3")

[node name="Mesh" type="MeshInstance3D" parent="LighthouseRoom/Light/RadarTerminal"]
transform = Transform3D(1, 0, 0, 0, 1, 0, 0, 0, 1, 0, 0, -1.5063506e-12)
mesh = SubResource("CylinderMesh_ikad4")
skeleton = NodePath("../../..")

[node name="PingSound" type="AudioStreamPlayer3D" parent="LighthouseRoom/Light/RadarTerminal"]
stream = ExtResource("15_351bi")

[node name="Beacon" type="Area3D" parent="LighthouseRoom"]
transform = Transform3D(1, 0, 0, 0, 1, 0, 0, 0, 1, 0.63892174, -1.3442383, 4.037608)
script = ExtResource("14_qh5v2")

[node name="Collision" type="CollisionShape3D" parent="LighthouseRoom/Beacon"]
shape = SubResource("CylinderShape3D_351bi")

[node name="Mesh" type="MeshInstance3D" parent="LighthouseRoom/Beacon"]
mesh = SubResource("CapsuleMesh_es55r")

[node name="FixSound" type="AudioStreamPlayer3D" parent="LighthouseRoom/Beacon"]
stream = ExtResource("15_slrkl")

[node name="Walls" type="StaticBody3D" parent="LighthouseRoom"]
transform = Transform3D(1, 0, 0, 0, 1, 0, 0, 0, 1, 0, -2.7821655, 0)

[node name="Collision" type="CollisionShape3D" parent="LighthouseRoom/Walls"]
transform = Transform3D(1, 0, 0, 0, 1, 0, 0, 0, 1, 0, 3.9227295, 0)
shape = SubResource("ConcavePolygonShape3D_r7pl7")

[node name="Floor" type="StaticBody3D" parent="LighthouseRoom"]
transform = Transform3D(1, 0, 0, 0, 1, 0, 0, 0, 1, 0, -2.7821655, 0)
metadata/ground = "wood"

[node name="Collision" type="CollisionShape3D" parent="LighthouseRoom/Floor"]
shape = SubResource("BoxShape3D_kudqo")

[node name="BeaconRoom" type="CSGCylinder3D" parent="."]
transform = Transform3D(1, 0, 0, 0, 1, 0, 0, 0, 1, 0, 527.8584, 0)
use_collision = true
radius = 7.9106445
height = 1.0
sides = 16

[node name="EnterPoint" type="Node3D" parent="BeaconRoom"]
transform = Transform3D(1, 0, 0, 0, 1, 0, 0, 0, 1, 1.9900208, 1.5637817, -2.3709679)

[node name="ExitArea" type="Area3D" parent="BeaconRoom" node_paths=PackedStringArray("destination", "interact_sfx")]
transform = Transform3D(1, 0, 0, 0, 1, 0, 0, 0, 1, -4.798131, 3.7141724, -0.022398472)
script = ExtResource("7_jvpjp")
destination = NodePath("../../LighthouseRoom/ReturnPoint")
actionbar_prompt = "Press E to exit"
interact_sfx = NodePath("../../Player/LadderSound")

[node name="Collision" type="CollisionShape3D" parent="BeaconRoom/ExitArea"]
transform = Transform3D(1, 0, 0, 0, 1, 0, 0, 0, 1, 3.4046268, -2.9750977, -3.9481792)
shape = SubResource("BoxShape3D_e304g")

[node name="Creature" type="MeshInstance3D" parent="."]
unique_name_in_owner = true
transform = Transform3D(1.9998785, 0, 3.4641716, 0, 4, 0, -3.4641716, 0, 1.9998785, 29.15069, -5.231607, -68.69992)
visible = false
material_override = ExtResource("15_kudqo")
mesh = ExtResource("16_5k8xk")

[node name="FadeRect" type="ColorRect" parent="."]
unique_name_in_owner = true
anchors_preset = 15
anchor_right = 1.0
anchor_bottom = 1.0
grow_horizontal = 2
grow_vertical = 2
mouse_filter = 2
color = Color(0, 0, 0, 0)
script = ExtResource("8_t871u")

[node name="PauseMenu" type="ColorRect" parent="."]
process_mode = 3
anchors_preset = 15
anchor_right = 1.0
anchor_bottom = 1.0
grow_horizontal = 2
grow_vertical = 2
color = Color(0, 0, 0, 0.11764706)
script = ExtResource("12_14fha")

[node name="Control" type="Control" parent="PauseMenu"]
layout_mode = 1
anchors_preset = 8
anchor_left = 0.5
anchor_top = 0.5
anchor_right = 0.5
anchor_bottom = 0.5
offset_left = -20.0
offset_top = -20.0
offset_right = 20.0
offset_bottom = 20.0
grow_horizontal = 2
grow_vertical = 2

[node name="ResumeButton" type="Button" parent="PauseMenu/Control"]
layout_mode = 1
anchors_preset = 8
anchor_left = 0.5
anchor_top = 0.5
anchor_right = 0.5
anchor_bottom = 0.5
offset_left = -78.0
offset_top = -34.54286
offset_right = 78.0
offset_bottom = 34.54286
grow_horizontal = 2
grow_vertical = 2
text = "Resume"

[connection signal="body_entered" from="Sections/Section1/Item" to="Sections/Section1/Item" method="_on_body_entered"]
[connection signal="body_entered" from="Sections/Section1/BoomTrigger" to="Sections/Section1/BoomTrigger" method="_on_body_entered"]
[connection signal="body_entered" from="Sections/Section1/SwimTrigger" to="Sections/Section1/SwimTrigger" method="_on_body_entered"]
[connection signal="body_entered" from="Sections/Section2/Item" to="Sections/Section2/Item" method="_on_body_entered"]
[connection signal="body_entered" from="Lighthouse/EnterLighthouseArea" to="Lighthouse/EnterLighthouseArea" method="_on_body_entered"]
[connection signal="body_exited" from="Lighthouse/EnterLighthouseArea" to="Lighthouse/EnterLighthouseArea" method="_on_body_exited"]
[connection signal="body_entered" from="LighthouseRoom/ExitLighthouseArea" to="LighthouseRoom/ExitLighthouseArea" method="_on_body_entered"]
[connection signal="body_exited" from="LighthouseRoom/ExitLighthouseArea" to="LighthouseRoom/ExitLighthouseArea" method="_on_body_exited"]
[connection signal="body_entered" from="LighthouseRoom/EnterLightRoomArea" to="LighthouseRoom/EnterLightRoomArea" method="_on_body_entered"]
[connection signal="body_exited" from="LighthouseRoom/EnterLightRoomArea" to="LighthouseRoom/EnterLightRoomArea" method="_on_body_exited"]
[connection signal="body_entered" from="LighthouseRoom/Light/RadarTerminal" to="LighthouseRoom/Light/RadarTerminal" method="_on_body_entered"]
[connection signal="body_exited" from="LighthouseRoom/Light/RadarTerminal" to="LighthouseRoom/Light/RadarTerminal" method="_on_body_exited"]
[connection signal="body_entered" from="LighthouseRoom/Beacon" to="LighthouseRoom/Beacon" method="_on_body_entered"]
[connection signal="body_exited" from="LighthouseRoom/Beacon" to="LighthouseRoom/Beacon" method="_on_body_exited"]
[connection signal="body_entered" from="BeaconRoom/ExitArea" to="BeaconRoom/ExitArea" method="_on_body_entered"]
[connection signal="body_exited" from="BeaconRoom/ExitArea" to="BeaconRoom/ExitArea" method="_on_body_exited"]
[connection signal="pressed" from="PauseMenu/Control/ResumeButton" to="PauseMenu" method="_on_resume_button_pressed"]
